[events]
count_scale = 0.1
min_size = 5.0
q = 0.98
count_temper = "1/nu"

[meta]
decisions = "#0034 / #0036 / #0037 / #0040 / #0041 / #0043 / #0044"
note = "M8 4回目検証ラン前に凍結(#0043 の手法変更後の再較正値)。検証結果を見た後の変更は禁止(#0030-7)。rtps_alpha 0.85(#0040-(β))・obs_spread_floor_frac 0.5(#0043)はスクリプトの AssimConfig 構築で明示指定(この節・この注記は記録用)"
frozen_at = "2026-07-11T09:30:00"

[THA]
nu = 4.558313615846742
eta_g = 1.8399614846876335
calib_commit = "1d067c46"
mu_gbar = 0.2906518745727315
delta_sig = 0.05003682985969558
mu_p = 0.5100973155790287
calib_window = [20, 28]
c_v0 = 3.7409082027912572
lam0 = 0.2230743439259448

[run]
N = 100
rtps_alpha = 0.85
seed = 20260708
smoother_lag = 5.0
t1 = 35.0
spread0 = 0.3

[JPN]
nu = 1
eta_g = 0.446061136533244
calib_commit = "1d067c46"
mu_gbar = -0.8734219543344496
delta_sig = 0.12226654456582944
mu_p = -1.0506597244250604
calib_window = [5, 26]
c_v0 = 4.752489638492864
lam0 = 0.020644795156163392

[observation_sd]
v = 0.05
p = "max(0.10, 1*sd_delta)"
w = 0.01
P = 0.005
g_swiid = "max(0.05, 2*se_delta)"
phi = 0.05
tau = 0.15
T_proxy = 0.15
y = 0.02
