[events]
count_scale = 0.1
min_size = 5.0
q = 0.98
count_temper = "1/nu"

[meta]
decisions = "#0034 / #0036 / #0037 / #0040 / #0041 / #0043 / #0044 / #0046 / #0047"
note = "M8 5回目検証ラン前に凍結(#0046 L3 拡大後の再較正値)。検証結果を見た後の変更は禁止(#0030-7)。rtps_alpha 0.85(#0040-(β))・obs_spread_floor_frac 0.5(#0043)はスクリプトの AssimConfig 構築で明示指定(この節・この注記は記録用)"
frozen_at = "2026-07-11T10:10:00"

[THA]
nu = 4.62417778267636
eta_g = 1.1168110620314535
calib_commit = "0fe3665"
mu_gbar = -0.5404808742626691
delta_sig = 0.029881942877452126
mu_p = 0.556775165331218
calib_window = [20, 28]
c_v0 = 4.669910198649775
lam0 = 0.19411282854778433

[run]
N = 100
rtps_alpha = 0.85
seed = 20260708
smoother_lag = 5.0
t1 = 35.0
spread0 = 0.3

[JPN]
nu = 1
eta_g = 0.46738723853317493
calib_commit = "7687f83"
mu_gbar = -0.8691910035057454
delta_sig = 0.12125394483117553
mu_p = -1.0177437696968776
calib_window = [5, 26]
c_v0 = 4.745700619682059
lam0 = 0.020042992398726013

[observation_sd]
v = 0.05
p = "max(0.10, 1*sd_delta)"
w = 0.01
P = 0.005
g_swiid = "max(0.05, 2*se_delta)"
phi = 0.05
tau = 0.15
T_proxy = 0.15
y = 0.02
