[events]
count_scale = 0.1
min_size = 5.0
q = 0.98
count_temper = "1/nu"

[meta]
decisions = "#0034 / #0036 / #0037 / #0040 / #0041"
note = "M8 3回目検証ラン前に凍結(#0040 の手法変更後の再較正値)。検証結果を見た後の変更は禁止(#0030-7)。rtps_alpha は #0040-(β) で 0.7 → 0.85 に改定(この節は記録用であり M8_hindcast.jl/M8_calibrate.jl は直接この値を読まない。実値は各スクリプトの AssimConfig 構築で明示指定)"
frozen_at = "2026-07-11T08:45:00"

[THA]
nu = 4.827927146177267
eta_g = 1.4441186902510597
calib_commit = "77cff78a8dade397a43e0c5b62b424291bb68457"
mu_gbar = -0.028480756014572617
delta_sig = 0.06322449250179361
mu_p = -0.5961280006305002
calib_window = [20, 28]
c_v0 = 4.156878107930244
lam0 = 0.10648485256836769

[run]
N = 100
rtps_alpha = 0.85
seed = 20260708
smoother_lag = 5.0
t1 = 35.0
spread0 = 0.3

[JPN]
nu = 1
eta_g = 0.4542880333185433
calib_commit = "77cff78a8dade397a43e0c5b62b424291bb68457"
mu_gbar = -0.8657831385116964
delta_sig = 0.12204694952342394
mu_p = -1.0491379860454766
calib_window = [5, 26]
c_v0 = 4.719010350847017
lam0 = 0.020200657665789087

[observation_sd]
v = 0.05
p = "max(0.10, 1*sd_delta)"
w = 0.01
P = 0.005
g_swiid = "max(0.05, 2*se_delta)"
phi = 0.05
tau = 0.15
T_proxy = 0.15
y = 0.02
