[events]
count_scale = 0.1
min_size = 5.0
q = 0.98
count_temper = "1/nu"

[meta]
decisions = "#0034 / #0036 / #0037 / #0040"
note = "M8 再検証ラン前に凍結(#0036 の手法変更後の再較正値)。検証結果を見た後の変更は禁止(#0030-7)。rtps_alpha は #0040-(β) で 0.7 → 0.85 に改定(この節は記録用であり M8_hindcast.jl/M8_calibrate.jl は直接この値を読まない。実値は各スクリプトの AssimConfig 構築で明示指定)"
frozen_at = "2026-07-10T19:40:00"

[THA]
nu = 4.946567375942015
eta_g = 1.2528305002427442
calib_commit = "543a126e1629ef4a37e224561a4ee2bad2b185fa"
mu_gbar = 0.06441029208007648
delta_sig = 0.042938223527352604
mu_p = 0.3039925688193221
calib_window = [20, 28]
c_v0 = 4.142016781319784
lam0 = 0.1660448251409663

[run]
N = 100
rtps_alpha = 0.85
seed = 20260708
smoother_lag = 5.0
t1 = 35.0
spread0 = 0.3

[JPN]
nu = 1
eta_g = 0.44755589084755854
calib_commit = "543a126e1629ef4a37e224561a4ee2bad2b185fa"
mu_gbar = -0.8488608848687228
delta_sig = 0.12245424431770482
mu_p = -1.0809284463247633
calib_window = [5, 26]
c_v0 = 4.742892556597663
lam0 = 0.02105778901706078

[observation_sd]
v = 0.05
p = "max(0.10, 1*sd_delta)"
w = 0.01
P = 0.005
g_swiid = "max(0.05, 2*se_delta)"
phi = 0.05
tau = 0.15
T_proxy = 0.15
y = 0.02
