[events]
count_scale = 0.1
min_size = 5.0
q = 0.98
count_temper = "1/nu"

[meta]
decisions = "#0034"
note = "M8 検証ラン前に凍結。検証結果を見た後の変更は禁止(#0030-7)"
frozen_at = "2026-07-10T18:46:49"

[THA]
nu = 4.588674894598419
eta_g = 1.2231521617684242
calib_commit = "e0090d889563cafa2aa37650c7c57aa7842ac4ec"
mu_gbar = 0.08038647312384106
delta_sig = 0.03620236907623413
mu_p = 0.6512990400886738
calib_window = [20, 28]
c_v0 = 4.656538811753953
lam0 = 0.23721296371046163

[run]
N = 100
rtps_alpha = 0.7
seed = 20260708
smoother_lag = 5.0
t1 = 35.0
spread0 = 0.3

[JPN]
nu = 1
eta_g = 0.4225219168635896
calib_commit = "e0090d889563cafa2aa37650c7c57aa7842ac4ec"
mu_gbar = -0.8803057678521952
delta_sig = 0.12127281795398759
mu_p = -1.1381132460719345
calib_window = [5, 26]
c_v0 = 4.767103210715986
lam0 = 0.019463351002763106

[observation_sd]
v = 0.05
p = "max(0.10, 1*sd_delta)"
w = 0.01
P = 0.005
g_swiid = "max(0.05, 2*se_delta)"
phi = 0.05
tau = 0.15
T_proxy = 0.15
y = 0.02
